00000001001001100010110000100100
00000001001001100010110000100100
01000001001001100010110000100100
01000001001001100010110000100100
01000001001001100010110000100100
01000001001001100010110000100100
01000001001001100010110000100100
01000001001001100010110000100100
01000001001001100010110000100100
00100001001001100010110000100100
00100001001001100010110000100100
00100001001001100010110000100100
00100001001001100010110000100100
00100001001001100010110000100100
01100001001001100010110000100100
01100001001001100010110000100100
01100001001001100010110000100100
01100001001001100010110000100100
00100001001001100010110000100100
00100001001001100010110000100100
01100001001001100010110000100100
01100001001001100010110000100100
01100001001001100010110000100100
01100001001001100010110000100100
01100001001001100010110000100100
00000001001001100010110000100100
