0010000000000000000011111101000111111001110011110100111100000100000000000000000000000000
001000000100000000010010100101101001100010111011011000000000010000000000111111010001111110011100111101001111000001000000
00100000000000000001001010010110100110001011101101100000000001000000000000000000
0010000001000000000010011000100000101010001001001100000000011100000000010010100101110100000111110011001011110001110000000000000000000000
00100000000000000000101010001111010000011011101110010011000111000000000000000000
00100000000000000001000111010111011110111001111111001001000111000000000000000000
00100000000000000001000111010111011110111001111111001001000111000000000000000000
0010000001000000000010101000111101000001101110111001001100011100000000010010100101110100000111110011001011110001110000000000000000000000
0010000000000000000100011101011101111011100111111100100100011100000000000000000000000000
0010000000000000000100101001011010010100110110101101110000011100000000000000000000000000
00100000000000000001000111010111011110111001111111001001000111000000000000000000
00100000000000000001001010010110100101001101101011011100000111000000000000000000
0010000000000000000100011101011101111011100111111100100100011100000000000000000000000000
00100000000000000001000111010111011110111001111111001001000111000000000000000000
0010000000000000000100101001011101000001111100110010111100011100000000000000000000000000
00100000000000000000111111010011001101100011011001100111000111000000000000000000
00100000000000000000100010000101010011011011111111011111000111000000000000000000
00100000000000000001001010010111010000011111001100101111000111000000000000000000
00100000000000000001001010010111010000011111001100101111000111000000000000000000
0010000000000000000011101100110000100100011001100100001000011100000000000000000000000000
0010000000000000000011111101000100100111001000101100001000011100000000000000000000000000
00100000000000000001001010010100101100010000100111100110000111000000000000000000
00100000000000000000101010001101011110010111001101010011000111000000000000000000
00100000000000000000101010001101011110010111001101010011000111000000000000000000
0010000000000000000010101000110101111001011100110101001100011100000000000000000000000000
00100000000000000001000111010111011110111001111111001001000111000000000000000000
00100000000000000001000111010111011110111001111111001001000111000000000000000000
00100000000000000001000111010111011110111001111111001001000111000000000000000000
00100000000000000001000111010111011110111001111111001001000111000000000000000000
00100000000000000000111111010001001001110010001011000010000111000000000000000000
00100000000000000001001010010100101110010101011011010101000111000000000000000000
00100000000000000001001010010100101110010101011011010101000111000000000000000000
00100000000000000001000111010111011110111001111111001001000111000000000000000000
00100000000000000000111111010011001101100011011001100111000111000000000000000000
00100000000000000001000111010111011110111001111111001001000111000000000000000000
00100000000000000001001010010110000011011001010111011100000111000000000000000000
00100000000000000001001010010100101110010101011011010101000111000000000000000000
00100000000000000001001010010100101110010101011011010101000111000000000000000000
00100000000000000000110111001000011000010111101011011110000111000000000000000000
0010000001000000000100011101011101111011100111111100100100011100000000001101110010000110000101111010110111100001110000000000000000000000
00100000000000000000101010001111010000011011101110010011000111000000000000000000
00100000000000000001000111010111011110111001111111001001000111000000000000000000
0010000000000000000100101001011101000001111100110010111100011100000000000000000000000000
00100000000000000000110111001000011000010111101011011110000111000000000000000000
00100000000000000001000111010110010100001101101001010011000111000000000000000000
00100000000000000001000111010111011110111001111111001001000111000000000000000000
00100000000000000001000111010111011110111001111111001001000111000000000000000000
0010000000000000000011111101001000110101110000100100010100011100000000000000000000000000
00100000000000000000101010001110100011010011010001000011000010000000000000000000
00100000000000000000100110001000000001010000111110000000000010000000000000000000
00100000000000000000101010001110100011010011010001000011000010000000000000000000
00100000000000000000100110001000000001010000111110000000000010000000000000000000
00100000000000000000111111010010001101011100001001000101000111000000000000000000
0010000000000000000100011101011101111011100111111100100100011100000000000000000000000000
0010000000000000000011111101001000110101110000100100010100011100000000000000000000000000
00100000000000000001000111010111011110111001111111001001000111000000000000000000
0010000000000000000010101000111101000001101110111001001100011100000000000000000000000000
00100000000000000000110111001000010000001011010000101010000111000000000000000000
00100000000000000001000111010111011110111001111111001001000111000000000000000000
00100000000000000001000111010111011110111001111111001001000111000000000000000000
00100000000000000000100010000110101101101000001010100011000111000000000000000000
0010000000000000000100101001011101101001000000010001001000011100000000000000000000000000
00100000000000000001001010010111010000011111001100101111000111000000000000000000
00100000000000000000111011001100001001000110011001000010000111000000000000000000
00100000000000000000111011001100001001000110011001000010000111000000000000000000
0010000000000000000100001001000011000010100010011101000000011100000000000000000000000000
00100000000000000001001010010111010000011111001100101111000111000000000000000000
00100000000000000000111111010011001101100011011001100111000111000000000000000000
0010000000000000000100001001000011000010100010011101000000011100000000000000000000000000
0010000000000000000100001001000011000010100010011101000000011100000000000000000000000000
0010000000000000000100101001011101000001111100110010111100011100000000000000000000000000
00100000000000000001001010010110011100010111011101001111000111000000000000000000
0010000000000000000010011000100000110111111110111100001100011100000000000000000000000000
00100000000000000000110111001001001110100010101010010010000111000000000000000000
00100000000000000000111011001100001001000110011001000010000111000000000000000000
00100000000000000001000111010111011110111001111111001001000111000000000000000000
00100000000000000001000111010111011110111001111111001001000111000000000000000000
00100000000000000001001010010100001111011001011111100010000010000000000000000000
00100000000000000001001010010100001111011001011111100010000010000000000000000000
00100000000000000001000111010111011110111001111111001001000111000000000000000000
00100000000000000001000111010111011110111001111111001001000111000000000000000000
00100000000000000001000111010111011110111001111111001001000111000000000000000000
0010000000000000000100101001011101000001111100110010111100011100000000000000000000000000
00100000000000000000110011000111000110100111100111010110000111000000000000000000
00100000000000000001000111010111011110111001111111001001000111000000000000000000
0010000000000000000100011101011101111011100111111100100100011100000000000000000000000000
0010000000000000000011001100011100011010011110011101011000011100000000000000000000000000
00100000000000000000110011000111000110100111100111010110000111000000000000000000
001000000100000000001111110100101110010111100011100111110001110000000000110011000111000110100111100111010110000111000000
00100000000000000000110011000111000110100111100111010110000111000000000000000000
00100000000000000000111011001111010011000111000110011101000111000000000000000000
00100000000000000000110111001001101111100010011110101000000111000000000000000000
0010000001000000000100101001011010100010000001111100001100011100000000001110110011000010010001100110010000100001110000000000000000000000
00100000000000000001000010010001100111000101011010000111000111000000000000000000
00100000000000000000111011001100001001000110011001000010000111000000000000000000
0010000000000000000100001001000110011100010101101000011100011100000000000000000000000000
00100000000000000001000010010001100111000101011010000111000111000000000000000000
00100000000000000001000010010001100111000101011010000111000111000000000000000000
00100000000000000001001010010111010000011111001100101111000111000000000000000000
00100000000000000000111111010001011010111110111111001010000111000000000000000000
00100000000000000001001010010111010000011111001100101111000111000000000000000000
00100000000000000001000010010001100111000101011010000111000111000000000000000000
00100000000000000001000010010001100111000101011010000111000111000000000000000000
0010000000000000000100001001000110011100010101101000011100011100000000000000000000000000
00100000000000000001000010010001100111000101011010000111000111000000000000000000
00100000000000000001001010010111010000011111001100101111000111000000000000000000
00100000000000000001000010010010011001010110101100011000000111000000000000000000
0010000000000000000100011101011101111011100111111100100100011100000000000000000000000000
00100000000000000001000111010111011110111001111111001001000111000000000000000000
00100000000000000001000111010111100111001011101110000011000111000000000000000000
00100000000000000001000010010011010111100111000111001001000010000000000000000000
00100000000000000001000010010011010111100111000111001001000010000000000000000000
00100000000000000000100010000110010110101010011110001101000010000000000000000000
0010000000000000000100001001000101010101100101010001101000011100000000000000000000000000
00100000000000000001001010010111010000011111001100101111000111000000000000000000
0010000000000000000100001001000000011000001111001100011000011100000000000000000000000000
00100000000000000001000111010111011110111001111111001001000111000000000000000000
00100000000000000001000111010111011110111001111111001001000111000000000000000000
00100000000000000001000010010010011001010110101100011000000111000000000000000000
00100000000000000001000010010010110001000001011001001101000111000000000000000000
00100000000000000001000111010111000011010010100010000101000111000000000000000000
00100000000000000001000010010010011001010110101100011000000111000000000000000000
001000000100000000001001100010000011011111111011110000110001110000000001001010010111010000011111001100101111000111000000
0010000000000000000100001001000001100110110010000110100100011100000000000000000000000000
00100000000000000000100110001000001101111111101111000011000111000000000000000000
00100000000000000001000111010111000011010010100010000101000111000000000000000000
00100000000000000001001010010111010000011111001100101111000111000000000000000000
0010000000000000000011101100110000100100011001100100001000011100000000000000000000000000
00100000000000000000111011001100001001000110011001000010000111000000000000000000
0010000000000000000011101100110000100100011001100100001000011100000000000000000000000000
0010000000000000000011101100110000100100011001100100001000011100000000000000000000000000
0010000000000000000100001001000000011000001111001100011000011100000000000000000000000000
0010000000000000000100101001011101000001111100110010111100011100000000000000000000000000
00100000000000000001001010010111010000011111001100101111000111000000000000000000
00100000000000000000110111001001101111100010011110101000000111000000000000000000
0010000000000000000100101001011101000001111100110010111100011100000000000000000000000000
00100000000000000001000010010001010101011001010100011010000111000000000000000000
0010000000000000000011101100110000100100011001100100001000011100000000000000000000000000
00100000000000000000111011001100001001000110011001000010000111000000000000000000
0010000000000000000011111101001000111100101010000100001100011100000000000000000000000000
00100000000000000000111111010010001111001010100001000011000111000000000000000000
00100000000000000001000010010010011001010110101100011000000111000000000000000000
00100000000000000001001010010111010000011111001100101111000111000000000000000000
0010000000000000000100001001001001100101011010110001100000011100000000000000000000000000
00100000000000000001001010010111010000011111001100101111000111000000000000000000
00100000000000000001000010010010011001010110101100011000000111000000000000000000
00100000000000000001001010010111010000011111001100101111000111000000000000000000
00100000000000000000100110001000101111110110101100011111000111000000000000000000
00100000000000000000100110001000101111110110101100011111000111000000000000000000
00100000000000000001000010010010011001010110101100011000000111000000000000000000
0010000000000000000011011100100110111110001001111010100000011100000000000000000000000000
00100000000000000001001010010111010000011111001100101111000111000000000000000000
00100000000000000001001010010111010000011111001100101111000111000000000000000000
00100000000000000001000010010010011001010110101100011000000111000000000000000000
00100000000000000000111011001100010010111111111101000000000111000000000000000000
00100000000000000001001010010111010000011111001100101111000111000000000000000000
00100000000000000000101010001110100010001111011100000011000111000000000000000000
0010000000000000000100001001001101000111000000100100111000011100000000000000000000000000
00100000000000000001000010010011010001110000001001001110000111000000000000000000
00100000000000000001001010010111010000011111001100101111000111000000000000000000
00100000000000000001000010010011010001110000001001001110000111000000000000000000
0010000001000000000100001001001101000111000000100100111000011100000000010000100100100110010101101011000110000001110000000000000000000000
00100000000000000000111111010011001101100011011001100111000111000000000000000000
0010000001000000000100101001010100110010100100000000000100001000000000001101110010101000111001001110100000000000100000000000000000000000
00100000000000000001000010010011010001110000001001001110000111000000000000000000
0010000000000000000100101001011001110000111010011000111000011100000000000000000000000000
00100000000000000001000010010001010101011001010100011010000111000000000000000000
0010000000000000000100011101011100001101001010001000010100011100000000000000000000000000
0010000000000000000100001001001001100101011010110001100000011100000000000000000000000000
00100000000000000000111111010010011010110001110011100000000111000000000000000000
00100000000000000001000111010110010100001101101001010011000111000000000000000000
00100000000000000001001010010111010000011111001100101111000111000000000000000000
0010000000000000000100001001000101010101100101010001101000011100000000000000000000000000
0010000000000000000100101001011101000001111100110010111100011100000000000000000000000000
00100000000000000001000010010010011001010110101100011000000111000000000000000000
00100000000000000001000010010001010101011001010100011010000111000000000000000000
00100000000000000000111011001101110001111001011110011010000111000000000000000000
00100000000000000000111011001101110001111001011110011010000111000000000000000000
00100000000000000001000010010010011001010110101100011000000111000000000000000000
0010000000000000000100101001011101000001111100110010111100011100000000000000000000000000
00100000000000000001000010010010011001010110101100011000000111000000000000000000
00100000000000000001001010010111010000011111001100101111000111000000000000000000
00100000000000000001000010010010011001010110101100011000000111000000000000000000
00100000000000000001000111010110010100001101101001010011000111000000000000000000
00100000000000000001000010010010011001010110101100011000000111000000000000000000
00100000000000000001001010010111010000011111001100101111000111000000000000000000
00100000000000000001000010010010011001010110101100011000000111000000000000000000
0010000000000000000100001001001001100101011010110001100000011100000000000000000000000000
00100000000000000001000010010010011001010110101100011000000111000000000000000000
00100000000000000001000010010010011001010110101100011000000111000000000000000000
00100000000000000000110111001010010110000110111010001101000111000000000000000000
0010000000000000000011011100101001011000011011101000110100011100000000000000000000000000
00100000000000000000111111010011001010001100111111000100000111000000000000000000
00100000000000000000111111010011001101100011011001100111000111000000000000000000
00100000000000000000111011001110011100010001100011001011000010000000000000000000
0010000000000000000100001001001001100101011010110001100000011100000000000000000000000000
00100000000000000000111111010011001101100011011001100111000111000000000000000000
00100000000000000000101010001110100111011001101000000000000010000000000000000000
0010000000000000000100101001011101000001111100110010111100011100000000000000000000000000
00100000000000000000111111010001111110011100111101001111000010000000000000000000
0010000001000000000100011101011001101111110001011110111100001000000000001111110100011111100111001111010011110000100000000000000000000000
0010000000000000000100101001011101000001111100110010111100011100000000000000000000000000
00100000000000000000111111010001111110011100111101001111000010000000000000000000
0010000000000000000100001001001001100101011010110001100000011100000000000000000000000000
00100000000000000000110111001011011101011000111001011010000111000000000000000000
0010000000000000000011001100011011011101001111000000111000011100000000000000000000000000
00100000000000000000110111001001100000110001001101010111000111000000000000000000
00100000000000000000110111001001100000110001001101010111000111000000000000000000
0010000000000000000100101001011101000001111100110010111100011100000000000000000000000000
00100000000000000000110011000100110000000011101011001111000111000000000000000000
0010000000000000000011111101000100010111000000110000000000011100000000000000000000000000
0010000000000000000011001100010111100111001001101001111100011100000000000000000000000000
00100000000000000000110011000101111001110010011010011111000111000000000000000000
00100000000000000001000010010010011001010110101100011000000111000000000000000000
00100000000000000001000010010010011001010110101100011000000111000000000000000000
00100000000000000001000010010001010101011001010100011010000111000000000000000000
00100000000000000001000010010001010101011001010100011010000111000000000000000000
00100000000000000001001010010111110101101111010101001110000111000000000000000000
0010000001000000000100001001001001100101011010110001100000011100000000010010100101110100000111110011001011110001110000000000000000000000
0010000001000000000011101100110000100100011001100100001000011100000000010000100100010101010110010101000110100001110000000000000000000000
00100000000000000001000010010001010101011001010100011010000111000000000000000000
00100000000000000001000111010100101110011011011100010110000111000000000000000000
001000000100000000001010100011000010001010011010110100100001110000000001000111010100101110011011011100010110000111000000
00100000000000000000101010001100001000101001101011010010000111000000000000000000
00100000000000000000101010001100001000101001101011010010000111000000000000000000
00100000000000000000101010001100001000101001101011010010000111000000000000000000
00100000000000000000110011000100110000000011101011001111000111000000000000000000
00100000000000000000101010001100001000101001101011010010000111000000000000000000
00100000000000000000101010001100001000101001101011010010000111000000000000000000
00100000000000000001001010010111010000011111001100101111000111000000000000000000
00100000000000000001000010010001010101011001010100011010000111000000000000000000
00100000000000000001000010010010011001010110101100011000000111000000000000000000
00100000000000000001000010010001010101011001010100011010000111000000000000000000
00100000000000000001000010010010011001010110101100011000000111000000000000000000
0010000000000000000100101001011101000001111100110010111100011100000000000000000000000000
0010000001000000000100001001001001100101011010110001100000011100000000001010100011000010001010011010110100100001110000000000000000000000
00100000000000000000111011001111100111100000011111000010000010000000000000000000
00100000000000000001001010010111010000011111001100101111000111000000000000000000
0010000000000000000100001001001001100101011010110001100000011100000000000000000000000000
00100000000000000000101010001100001000101001101011010010000111000000000000000000
00100000000000000000101010001100001000101001101011010010000111000000000000000000
0010000000000000000100101001011010101101010011001100011100011100000000000000000000000000
00100000000000000000111111010010011111110000010110011001000111000000000000000000
0010000000000000000010101000110011011100100101001101111000011100000000000000000000000000
00100000000000000000100110001011000100101100010010010001000111000000000000000000
00100000000000000000100110001011000100101100010010010001000111000000000000000000
0010000000000000000010001000010100110000100000100100001000011100000000000000000000000000
001000001000000000001000100001010011000010000010010000100001110000000000111111010000001101101011110010000101000111000000000011011100100110011010111010111000000000011100000000000000000000000000
00100000000000000000110111001001100110101110101110000000000111000000000000000000
001000001000000000001000100001011101001111000101010011110001110000000001000111010110000001100011110001100111000111000000000011011100100011010011100010100000110100011100000000000000000000000000
0010000000000000000100001001001010100010100011100101000100011100000000000000000000000000
00100000000000000000111111010010000000101101000001000000000111000000000000000000
001000001000000000010010100101010100101001110101110101110000100000000000101010001110100001011111101011011010000010000000000011011100100000000001100000111010011100001000000000000000000000000000
0010000001000000000011111101001011101110011101111100101100001000000000001101110010101011000101010101010001010000100000000000000000000000
0010000000000000000010101000111010000101111110101101101000001000000000000000000000000000
00100000110000000000111111010010111011100111011111001011000010000000000100011101010011000001001101011100111100001000000000010010100101010100101001110101110101110000100000000000110111001010101100010101010101000101000010000000
0010000001000000000100101001010101001010011101011101011100001000000000010001110101001100000100110101110011110000100000000000000000000000
00100000000000000001001010010101010010100111010111010111000010000000000000000000
00100000000000000000110111001000000011010001000111011100000010000000000000000000
0010000000000000000011111101001011101110011101111100101100001000000000000000000000000000
0010000000000000000100001001001001010011110011001000111100011100000000000000000000000000
00100000000000000001000111010101101110000010101000000110000010000000000000000000
00100000000000000000101010001111000100110000000111000100000010000000000000000000
00100000000000000000101010001100011001100001001011001101000010000000000000000000
