000011101001100110110001101100110011100011100100
000011101001100110110001101100110011100011100100
000011101001100110110001101100110011100011101000
000011101001100110110001101100110011100011100100
000011101001100110110001101100110011100011101000
000011101001100110110001101100110011100011101000
000011101001100110110001101100110011100011101000
000011101001100110110001101100110011100011101000
000011101001100110110001101100110011100011101000
000011101001100110110001101100110011100011101000
000011101001100110110001101100110011100011101000
000011101001100110110001101100110011100011100100
000011101001100110110001101100110011100011101000
000011101001100110110001101100110011100011100100
000011101001100110110001101100110011100011100100
000011101001100110110001101100110011100011101000
000011101001100110110001101100110011100011101000
000011101001100110110001101100110011100011101000
