0000000001000011000000000000010111110110110111100101010000101010001100001011000010111100101010000101010001100001111110001101000010100111010001001110111111011111101110111000101111011101001111110111011100000111101110010111100010111110000001110110111011111001100110011010111001000110111011101101011010011100100000101000011111011101101011010011100100000011101010010101010001100010000011110101001010100100110000101011010001101110111000011011001001101000000010001001110111000011011001001100100010011001101110110101011001101000101000000010000011110110101011001101000100101110010011101110110010011101001011001000000010000001110110010011101001011000
00000000010000110000000000000101111101101101111001010100001010100101000010110000101111001010100001010100101000011111100010110000101010100100010011101111000111110011010110001011110111010100000001111001000001111011100101111010110001100000011101101100111011010111000110101011010001101110111000011011101001111000000010001001110111000011011101001110100010011001101110110101011010101000111000000010000011110110101011010101000110101110010011101110110011011011101001111000000010000001110110011011011101001110101110010001101110110000010111000111011000000110000001110101100011001101000101000001111010110001010000011001
0000000001000011000000000000010111110110110111100101110000011001111100001011000010111100101110000011001111100001111110001011000010101000010001001110111100011110101100101000001111011101101111100110100100010111101110100111111011100010000001110110111011110001100000011010101101000110111011100001110000101001100000001000100111011100001110000101001010001001100110111011011101101100100101100000001000001111011011101101100100101010111001001110111011010001111000110000100000011000000111011010001111000110000100000111101011010101100001100101011100100011011101101000110111010011110000001100000011101101000110111010011110000011110000010000001000100010
00010000001100000000010000000100000000000000000000000100101000011111100000000100011101011110101111001011100011111111100111111000000000010011000010001100000000000001111111010000000011111101001100110110001101100110011100011101110001000000000001000101101110001100001101111011011001111110110111101000110110110000101011101011000011010000011101100010111110101101011110110100001110000000001000000111
0010101000000000
0000110000000000
0000111000000000
00000000010000110000000000000101111101101101111001001100000110011001000010110000101111001001100000110011001000011111100001110000011001010100010011101111000111111011011010001011110111010100000001111101000001111011100101111100110101100000011101101100111001010101100110101011010001101110110110011011101001101000000010001001110110110011011101001100101110010011101110110101011011101010001000000010000001110110101011011101010000100010011001101110110100011001101000011000000010000011110110100011001101000010101110010001101110110001011100101010111000000010000001110110001011100101010110000000
00000000010000110000000000000101111101101101111001010100001010100001000010110000101111001010100001010100001000011111100001110000011000111100010011101111010111111011011010001011110111011100000001111001000001111011101101111100110101100000011101101110111101011001000110101110010001101110111010011001001000101000000110000111110111010011001001000101000000111010111001100100100001010101101000110111011011001100110100100100000001000100111011011001100110100100010001001100110111011010101100110100000100000001000001111011010101100110100000010111001001110111010111101101100100100100000001000000111010111101101100100100
00010000001100000000010000000100000000000000000000000100101000011111100000000101110010111011001101000000010011111111110111111000000000010011000010001100000000000001111111010000000011111101001100110110001101100110011100011101110001000000000001000111100110101001001111100101100011001111000100011101100101000001100101010000010111110100101001100010011010001000010110110100011111100110011000000111
0010101000000000
0000110000000000
0000000001000011000000000000010111110110110111100101010000101010001100001011000010111100101010000101010001100001111110001001000001100110010001001110111110011111101101111000001111011101101111100110100100010111101110111000000011110110000001110110111011111101101100001010101101000110111011100001101100100110100000001000100111011100001101100100110010111001001110111010110001100000100000100000001000000111010110001100000100000000
0000111000000000
000000000100001100000000000001011111011011011110010101000001100111110000101100001011110010101000001100111110000111111000110100001010100101000100111011110101111100110101100000111101111000111110011010110001011110111011011111101110011000000111011100001111000110000001001011100100011011101110110110000010000010000000100001111101110110110000010000001010110100011011101101110110101010010110000000100010011101101110110101010010101011100100111011101101100111000010101110000000100000011101101100111000010101100000
00000000010000110000000000000101111101101101111001010100001010100101000010110000101111001010100001010100101000011111100011010000101010000100010011101111100111111011100010001011110111011100000001111101000001111011101101111100110101100000011101110000111110011010000100101110010001101110111010011001101000111000000010000111110111010011001101000110101011010001101110111000011010001000111000000010001001110111000011010001000110101110010011101110110000011100001010011000000110000001110110000011100001010011000001111010111101100100100000000000
0001000000110000000001000000010000000000000000000000010010110001111110000000011011001101011010111111000101010100000000011111100000000001001100000100110000000000000111111101000000001111110100110011011000110110011001110001110111000100000000000101011010110010111100111101011000111000010000010100011111110001011011000000010010011011111110100110000001111101010011001011110100001111000000000010101000001001011000010111011000000111
0010101000000000
0000110000000000
0000111000000000
00000000010000110000000000000101111101101101111001001100000110011111000010110000101111001001100000110011111000011111100001110000011001001100010011101111000111101011001010000011110111010011111001100111000101111011101001111110111001100000011101101100111101011000100100101110010001101110111000010110000110111000000010000111110111000010110000110110101011010001101110110110011010001001001000000010001001110110110011010001001000101110010011101110101101011001001000001000000110000001110101110011010101001001000001111001010100101000010001000000
0000000001000011000000000000010111110110110111100101010000101010001100001011000010111100101010000101010001100001111110001011000001100110110001001110111101011111001101101000101111011101101111110111100100000111101110100111110011001110000001110110111011111001101000010010111001000110111011101101101100100111100000011000011111011101101101100100111100000011101011010101110001110001010110100011011101110000110101010001110000000100010011101110000110101010001101011100100111011101100100111011010110110000001100000011101100100111011010110110000011110110000010101000110000000000
00010000001100000000010000000100000000000000000000000100101000011111100000000101111011011011110110000011011101000000010111111000000000010011000010001100000000000001111111010000000011111101001100110110001101100110011100011101110001000000000001000101010011010001110011100011110110010010000110000011110111001101011001000101011011010000111111110111010010001001100000111111010111011011011000000111
0010101000000000
0000110000000000
0000111000000000
0000000001000011000000000000010111110110110111100100110000011001111100001011000010111100100110000011001111100001111110001001000001100101110001001110111011011111001101011000001111011101001111100110101100010111101110101000000011110010000001110110111011110101100100010010111001000110111011010001100000011111100000101000011111011100001010100011001100000011101100010111000010100010000011110110000010101000110010101011010001101110110100011010001000111000000010001001110110100011010001000110101110010011101110110011011011101001111000000010000001110110011011011101001110000000
00000000010000110000000000000101111101101101111001010100001010100001000010110000101111001010100001010100001000011111100010010000011001011100010011101111010111110011010110000011110111011011111101101011000101111011101010000000111011100000011101101110111101011010000100101011010001101110111001011100001010001000000010001001110111001011100001010000101110010001101110111000010111100111011000000110000111110111000010111100111011000000111010111101101000100011010111001001110111010110001101000100100100000001000000111010110001101000100100000000
0001000000110000000001000000010000000000000000000000010010110001111110000000011001111010110110111101010110010100000010011111100000000001001100000100110000000000000111111101000000001111110100110011011000110110011001110001110111000100000000000101011100100010010111011100110010011000010101000110001011101110110011101100010011101100010000000101110000000100001100001101010111100111111110011010101010100111111110011000101000000111
0010101000000000
0000110000000000
0000111000000000
0000000001000011000000000000010111110110110111100101010000101010000100001011000010111100101010000101010000100001111110001011000010100110010001001110111101011111101101111000101111011101101111110111001100000111101110110111111011010110000001110110111011111001101010011010111001000110111011101001100110100011100000011000011111011101001100110100011100000011100011100001111001000101000100110011011101101010110010001111110000000100000111101101010110010001111101011100100111011101100010111010010110010000001100000011101100010111010010110010000011110110001010101000101110101011010001101110010001001000000100011000000010001001110010001001000000100010
000000000100001100000000000001011111011011011110010101000001100111110000101100001011110010101000001100111110000111111000101100001010011001000100111011111001111110110111100000111101110110111110011001110001011110111011011111101110011000000111011011101111010110011001101011100100011011101110110110101010011010000010100001111101110110110101010011010000011110110001010101100110111000000111011000001101110100110010101101000110111011100001101110101001100000001000100111011100001101110101001010001001100110111011010001100010011101100000001000001111011010001100010011101010111001001110111010111101101000100101100000011000000111010111101101000100101100000111101011000101110001110000
0001000000110000000001000000010000000000000000000000010010110001111110000000011001111101000110101010000011110000000011011111100000000001001100000100110000000000000111111101000000001111110100110011011000110110011001110001110111000100000000000101010001110000001110001000101110111111101011010111010101011010001111111001010010100010101110101100101001100111100111100100011101011001111000000001011100000100110110101001011000000111
0010101000000000
0000110000000000
0000111000000000
0000000001000011000000000000010111110110110111100100110000011001111100001011000010111100100110000011001111100001111110001001000001100101010001001110111110011111101101101000101111011110010000000111101100000111101110100111100011000110000001110110110011110001011110010010111001001110111011000101110100101100100000011000000111011000101110100101100100000111100011110001110001000101011100100011011100100110010001001000110000010100001111100100110010001001000110000011110010001001000000100011000000111000001100001000010001010001001100110111001001000100100010001100000001000001111001001000100100010001
0000000001000011000000000000010111110110110111100101010000101010000100001011000010111100101010000101010000100001111110001011000010100111110001001110111110100000001110011000101111011110010000000111110100000111101110100111101011000110000001110110110011111001100110010010111001000110111011101001100000100000100000101000011111011101001100000100000100000011101011100101101001110010000011110000010000001000100010100010011001101110110101011010101001001000000010000011110110101011010101001000101110010011101110101111011000100111111000000110000011110101110011000000111111000000111010110101100110100011
0001000000110000000001000000010000000000000000000000010010110001111110000000011000001010110110011000000011100100000100011111100000000001001100000100110000000000000111111101000000001111110100110011011000110110011001110001110111000100000000000101011101001010010011101101011010000010001111101111101111110110001001110100110111001011111100110011100010101000010010110001101111011011001101110011110101010100101000110010111000000111
0010101000000000
0000110000000000
0000111000000000
00000000010000110000000000000101111101101101111001010100000110011011000010110000101111001010100000110011011000011111100010110000101010000100010011101111000111101011010010000011110111011011111001101011000101111011101110000000111101100000011101101110111110011001100100101110010001101110111011011000101000101000000010000111110111011011000101000100101110010011101110101111011100001001111000000110000001110110000011100001010001000001111001000100011110010001010001001100110111001010000100110010001100000001000001111001010000100110010001000000
0000000001000011000000000000010111110110110111100100110000011010000100001011000010111100100110000011010000100001111110001011000010101110110001001110111110011111101110011000101111011110010000000111011100000111101110010111101010111110000001110110110011101101011110010010111001000110111011101101100110100100100000011000011111011101101100110100100100000011101011100101011001101101000100110011011101100100101110001101110000000100000111101100100101110001101101011100100111011101100000110101010010010000001100000011101100000110101010010010000011110000010000001000100010000000
0000000001000011000000000000010111110110110111100100110000101001111100001011000010111100100110000101001111100001111110001011000010101011010001001110111110100000001110111000101111011101010000000111001100000111101110000111100010111010000001110110101011110001100000010010111001000110111011100101011000011011100000011000011111011100101011000011011100000011101011100110111010011001000100110011011101100010110001001111010000000100000111101100010110001001111001011100100111011101010110101111001110110000001100000011101010110101111001110110000011110000010000001000100010000000
0001000000110000000001000000010000000000000000000000010010110001111110000000011111100001111101001000001110110000000101011111100000000001001100000100110000000000000111111101000000001111110100110011011000110110011001110001110111000100000000000101010010000001100010001000110001110000010010000101110111011100001101000000111001100110010000001101100100011111100100101010001000011000111100001101010001100110001101111101111000000111
0010101000000000
0000110000000000
0000111000000000
00000000010000110000000000000101111101101101111001010100001010100001000010110000101111001010100001010100001000011111100010010000011001100100010011101111100111111011011110000011110111011011111101101111000101111011101110000000111001100000011101101100111011010111000100101011010001101110111000011011101001111000000010001001110111000011011101001110101110010011101110110001011001101000111000000010000001110110001011001101000110101110010001101110010100001000000100011000000110000111110010100001000000100011000000111001000000100100010001000000
0000000001000011000000000000010111110110110111100101010000101010001100001011000010111100101010000101010001100001111110001101000010101010110001001110111101011111101101111000101111011101110000000111101100000111101110110111110011010110000001110110111011111101101100011010111001000110111011101001100100100001100000011000011111011101001100100100001100000011101100000111000010101001010110100011011101101010110101010010010000000100010011101101010110101010010001001001110111011101100110110011010001010000000100000111101100110110011010001001011100100111011101100000101011001100010000001100000111101100010101011001100110000001110101100010101000101110
0001000000110000000001000000010000000000000000000000010010110001111110000000010000110110010001010010011001011000000110011111100000000001001100000100110000000000000111111101000000001111110100110011011000110110011001110001110111000100000000000101011100010011010011011011010011101011001001110001100001010000001001011000110101000001010010010011010001101011110110001110000100001101001001101110101111011111110111110010111000000111
0010101000000000
0000110000000000
00000000010000110000000000000101111101101101111001001100000110011011000010110000101111001001100000110011011000011111100010010000011001010100010011101111000111110011001110001011110111011011111101110011000001111011101101111010110001100000011101101110111010010110000110101110010011101110110101011100001001111000000010000001110110101011100001001110101011010001101110110101011011001001111000000010001001110110101011011001001110101110010001101110110001011100001010011000000110000111110111011011000000111111000000111011000101011110011101010010011101110111000101100011000010001100000001000001111000101100011000010001
0000111000000000
0000000001000011000000000000010111110110110111100100110000011001011100001011000010111100100110000011001011100001111110001001000010100111010001001110111101011111101101111000101111011101110000000111100100000111101110010111100010111110000001110011000001101000101000100010111001000110111011110001101110101000100000011000011111011110001101110101000100000011101100110110011010001001010110100011011101101100110101010001110000000100010011101101100110101010001101000100110011011101100110110001001111010000000100000111101100110110001001111001011100100111011101100110110011010000110000000100000011101100110110011010000101001001110111011101011000110010001111110000000100000111101011000110010001111100
0001000000110000000001000000010000000000000000000000010010110001111110000000010111010110100111110101000101010100000111011111100000000001001100000100110000000000000111111101000000001111110100110011011000110110011001110001110111000100000000000101011110111110011100011010111000000111110101010011110001001100010000001111010011011000000011011111100011000000100100111000010010011011000011111110110101010011011101000011111000000111
0010101000000000
0000110000000000
0000000001000011000000000000010111110110110111100100110000011001111100001011000010111100100110000011001111100001111110001011000010100111010001001110111101011111101110001000101111011101110000000111011100000111101110100111110011001110000001110110101011110001011100001010111001001110111011001001101110100100100000001000000111011001001101110100100010111001000110111010111101101100100111100000001000000111010111101101100101000000
0000111000000000
00111010000011100011111100000001001011010111010111111001001011101000010001100010010100100011011100111010110011010111101110101110110001001101001101100000001010111000111001101111011011100101110001011000011100011111110110100010001101101001100100000000
0000100000000000
000000000100001100000000000001011111011011011110010001000001100110010000101100001011110010001000001100110010000111111000100100001010010111000100111011110001111110111001100010111101110111000001100000010000011110111010011111001101001000000111011011001110110101101001001011100100111011101100010110010010000010000000100000011101100010110010010000001001001110111011101011110110010010001010000000100000111101011110110010010001001011100100011011100000010000001001000110000000100000011100000010000001001000100000
000000000100001100000000000001011111011011011110010001000001100111110000101100001011110010001000001100111110000111111000100100001010100001000100111011101101111010110011100010111101110101000001100001010000011110111010011111001100101000000111011011001110110101111001001011100100011011101100010110101010010010000000100000011101100010110101010010001001001110111011101011100110100010001010000000100000111101011100110100010001001011100100111011101010100101011001100010000000100000011101010100101011001100000000
0001000000110000000001000000010000000000000000000000010010110001111110000000010001010101011100010101111000001100001001011111100000000001001100000100110000000000000111111101000000001111110100110011011000110110011001110001110111000100000000000101011110110000001101000110010111100110011011010011000000001111110100101010010110001011010101100011110001101111101001010000010011101110101101001000001110011001100010010100101000000111
0010101000000000
0000110000000000
0000111000000000
0000000001000011000000000000010111110110110111100101010000011001110100001011000010111100101010000011001110100001111110001001000001100011010001001110111100011111101101101000101111011101110000011000001100000111101110110111111011010110000001110110111011111001100110010010111001000110111011101001101000100101100000101000011111011101001101000100101100000011101011000101110001110010000011110000001000000100100010101110010011101110110000011010001000111000000010000001110110000011010001000110100100111011101110101101010111100111011000000010000011110101101010111100111010000000
0000000001000011000000000000010111110110110111100101010000011001101100001011000010111100101010000011001101100001111110001001000001100011110001001110111100011111101101101000001111011101101111100110101100010111101110111000000011110010000001110110111011110101100110010010111001000110111011101101101000100100100000101000011111011101101101000100100100000011101011010101010001100010000011110101100010101100110100100100111011101110110010011001101000111000000010000011110110010011001101000110101110010011101110101110011000000111101000000010000001110101110011000000111100000000
00010000001100000000010000000100000000000000000000000100101000011111100000000111001001011011000001001001101011000010100111111000000000010011000010001100000000000001111111010000000011111101001100110110001101100110011100011101110001000000000001000100110101100111000100001101101000100111010000000001111010100111001110111011001101011000101011010011010011111011010011111010001011011000111000000111
0010101000000000
0000110000000000
0000111000000000
00000000010000110000000000000101111101101101111001010100000110011001000010110000101111001010100000110011001000011111100010110000011001100100010011101111010111111011100110001011110111011100000001111001000001111011101101111100110100100000011101101110111100011000100110101110010001101110111001010111000111101000000110000111110111001010111000111101000000111011001001110010101011010101101000110111011100001101100100111100000001000100111011100001101100100111010111001001110111011010001101100100101100000001000000111011010001101100100101010010011101110111010111101100010100000100000001000001111010111101100010100000
00000000010000110000000000000101111101101101111001010100001010011111000010110000101111001010100001010011111000011111100010110000011001100100010011101111101000000011101110001011110111100100000001111101000001111011101001111010110011100000011101101100111100011000100110101110010001101110111010010110100111001000000110000111110111010010110100111001000000111010111101110010101011010101101000110111011011101101000100011100000001000100111011011101101000100011010111001001110111011001101101000100011100000001000000111011001101101000100011010010011101110111010101101011100011011100000001000001111010101101011100011011
0001000000110000000001000000010000000000000000000000010010110001111110000000010111011001101101110100111111100000001011011111100000000001001100000100110000000000000111111101000000001111110100110011011000110110011001110001110111000100000000000101010011000001010101101101101000100111100101101110110010111110110010000111100001100010111010001010001000010010111100000100110001001100110101000010001101001011011010011000001000000111
0010101000000000
0000110000000000
0000111000000000
00000000010000110000000000000101111101101101111001010100000110011101000010110000101111001010100000110011101000011111100010010000011001011100010011101111010111110011010010000011110111100011111001101111000101111011101110000001000000100000011101101110111100011000000100101110010001101110110010011010101001011000000110000111110111000010101100110111000000111011000101101110101000010111001001110111011001001101100100110100000001000000111011001001101100100110010001001100110111000111000011010010001100000001000001111000111000011010010001000000
00000000010000110000000000000101111101101101111001010100001010100101000010110000101111001010100001010100101000011111100010010000011001110100010011101111000111110011010110000011110111011011111001101001000101111011101110000000111101100000011101110000111110011010000100101110010001101110111010011010101001101000000110000111110111010011010101001101000000111011001001110010101001010001001100110111011010101100000011110100000001000001111011010101100000011110010111001001110111010000001000110010110100000001000000111010000001000110010110000000
00000000010000110000000000000101111101101101111001000100001010100011000010110000101111001000100001010100011000011111100001110000101001111100010011101110110111110011001110000011110111011011111001101001000101111011101001111110110110100000011101101110111011010110100100101110010001101110110110010100100110001000000110000111110110110010100100110001000000111011000001101100100101010111001001110111011010001101000100011100000001000000111011010001101000100011010001001100110111011001101011110011101100000001000001111011001101011110011101000000
00010000001100000000010000000100000000000000000000000100101000011111100000000101101111000101000101110001011110000011000111111000000000010011000010001100000000000001111111010000000011111101001100110110001101100110011100011101110001000000000001000100010011000100010110001000110011101011011010001011001010110000001011001000000011010111111100011001110111110010010011010100001001110000111000000111
0010101000000000
0000110000000000
0000111000000000
0000000001000011000000000000010111110110110111100101010000101001111100001011000010111100101010000101001111100001111110000111000001100111110001001110111110100000001110101000101111011101001111110111011100000111101110100111110011010110000001110110110011110001100000001010111001000110111011011101100100100001100000101000011111011011101100100100001100000011101011100110010010000110000011110000001000000100100010101110010011101110110010011101001011011000000110000001110110010011101001011011000001111010101101011010011100000000
00000000010000110000000000000101111101101101111001010100000110100001000010110000101111001010100000110100001000011111100010010000011001011100010011101111110111111011100010000011110111011011111001101011000101111011101001111110111000100000011101101110111100010111100010101110010001101110111000011010101001101000000110000111110111000011010101001101000000111011001001101100100100010111001001110111011010001110100101011100000011000000111011010001110100101011100000111101011100101111001110000000
00000000010000110000000000000101111101101101111001010100001010011101000010110000101111001010100001010011101000011111100001110000011001001100010011101111111000000011110110000011110111011011111101101101000101111011101101111110111011100000011101101110111100010111100010101110010001101110110111011000101000011000000110000111110110111011000101000011000000111011000001101100100101010111001001110111011010101110000101001100000011000000111011010101110000101001100000111101100000110010010000100000
00010000001100000000010000000100000000000000000000000100101000011111100000000110111101100110011110011100001000000011010111111000000000010011000010001100000000000001111111010000000011111101001100110110001101100110011100011101110001000000000001000110010101100110010010100001000011101110001111001110001000101001000110101000111111011110111111101000000001000011111010110110000010101011101000000111
0010101000000000
0000110000000000
0000111000000000
00000000010000110000000000000101111101101101111001001100000110100011000010110000101111001001100000110100011000011111100001110000011001000100010011101111111000000011111010000011110111100011111101101011000101111011101110000001000001100000011101101110111100011000000010101110010011101110110100011110001011011000000110000001110110100011110001011011000001111000001000000100010001010111001000110111001000100011110010001100000011000011111001000100011110010001100000011100100000010001001000100000
000000000100001100000000000001011111011011011110010101000001101000110000101100001011110010101000001101000110000111111000101100000110011001000100111011111010000000111011100000111101111000111111011011110001011110111011100000001111001000000111011011101111000110000000101011100100011011101101110110001010000010000001100001111101101110110001010000010000001110110010011011101010000101110010011101110110101011100101010011000000010000001110110101011100101010010000
0001000000110000000001000000010000000000000000000000010010110001111110000000010001010001010110101010000111010000001110011111100000000001001100000100110000000000000111111101000000001111110100110011011000110110011001110001110111000100000000000101011111011111111111101010011000011011001110111100001100010010101001110001011011011010111001110011001011111011110010000001010101100100110011111011000011111001000001001011011000000111
0010101000000000
0000110000000000
0000111000000000
000000000100001100000000000001011111011011011110010101000001101000110000101100001011110010101000001101000110000111111000100100000110010011000100111011111010000000111011100000111101110110111111011011010001011110111010100000001110111000000111011100001111010110011000101011100100011011101110000110101010010110000001100001111101110000110101010010110000001110110001011100101011000101110010011101110010001001000000100011000000010000001110010001001000000100010000
000000000100001100000000000001011111011011011110010101000010101010010000101100001011110010101000010101010010000111111000101100001010101011000100111011110101111100110100100000111101110110111110011010010001011110111011100000001111101000000111011011101111010110010000101011100100011011101110000101111001111110000001100001111101110000101111001111110000001110101110011001001000000101110010011101110110010011101001010111000000010000001110110010011101001010110000
000000000100001100000000000001011111011011011110010001000001100110010000101100001011110010001000001100110010000111111000011100001010100101000100111011101101111100110011100000111101110100111101011000110001011110111001011111101101101000000111011011101110110101101000101011100100011011101101010101100001101110000001100001111101101010101100001101110000001110110100011010001001000101110010011101110110011011011101001101000000010000001110110011011011101001100000
0001000000110000000001000000010000000000000000000000010010110001111110000000010101100101011001111111010000000100001111011111100000000001001100000100110000000000000111111101000000001111110100110011011000110110011001110001110111000100000000000101011010110101010101011011100111100010100100010010110001010001101111101000111001001001110011111001100100111000011111110010010011100010000010001111110001101101001110011101001000000111
0010101000000000
0000110000000000
0000111000000000
000000000100001100000000000001011111011011011110010101000001100110110000101100001011110010101000001100110110000111111000011100000110010111000100111011110101111110111000100000111101111000111111011011010001011110111011011111101111001000000111011011101111010110001000101011100100111011101101000111010010110010000000100000011101101000111010010110001011100100011011101100000110011010000010000001100000011101100110111000010100110000111110001000000011100100010000
000000000100001100000000000001011111011011011110010101000010101001010000101100001011110010101000010101001010000111111000100100000110010011000100111011111001111110110111100010111101111001000000100000010000011110111011011111001101011000000111011011101110110101110000101011100100011011101110010101011001101110000001100001111101110010101011001101110000001110110001011011101001110101110010011101110110101011011101001111000000010000001110110101011011101001110000
0001000000110000000001000000010000000000000000000000010010110001111110000000010001110110010000100111001000100101110001011111100000000001001100000100110000000000000111111101000000001111110100110011011000110110011001110001110111000100000000000101011011111010111110011011010000101010100000001001111111100001100001101110011011101011011100000010010100011000110001010110000100110011000101000101101110011111010001111110101000000111
0010101000000000
0000110000000000
0000111000000000
00000000010000110000000000000101111101101101111000111100000110001111000010110000101111000111100000110001101000011111100010010000011001110100010011101111000111110011011010001011110111011100000001111111000001111011100001111100110101100000011101101000111100011000101000101110010001101110111010010111101000001000000010000101110111010010101000110100101011010001101110110110011010001001001000000010001001110110110011010001001000100010011001101110110100011010101000111000000010000011110110100011010101000110100100111011101110101100010111000111011000000010000011110101100010111000111010101110010011101110101010011000101000011000000010000001110101010011000101000010
0000000001000011000000000000010111110110110111100110010000011001000100001011000010111100110010000011001000100001111110001001000001100111010001001110111101011111001101111000101111011101010000000111101100000011101101100111110011011010000011110110100011110001011100011010111001000110111100001001100100100010100000011000010111100001001100100100010100000011101010100101000001011101010110100011011101110010110111010011110000000100010011101110010110111010011101011100100111011101011110110100010001110000000100000011101011110110100010001101000100110011011101011000101011001011110000001100000111101011000101011001011110000001110000001000000100100010
00000000010000110000000000000101111101101101111001001100000110000101000010110000101111001001100000110000101000011111100001110000011001010100010011101110000111110011001110001011110111000011111101110001000000111011001101111100110011100000111101100110111100010111000110101110010001101111000010011010101001101000010010000101111000010011010101001101000100111011011001101100100110100010111101100100110100010010010000011110101110011010001001011000000111010110101100000011111010101101000110111011010101101010100011100000001000100111011010101101010100011010111001001110111010111101100110100010100000001000000111010111101100110100010010001001100110111010111101011100011011100000001000001111010111101011100011011000
0000000001000011000000000000010111110110110111100110010000011001100100001011000010111100110010000011001100100001111110010011000010101110110001001110111100100000001111001000101111011101110000011000101100000011101101100111101011001110000011110110101011110001100100010010111001000110111100000101011010011101100000011000010111100000101011010011101100010111101100000101111001111101010110100011011101100100110000001111010000000100010011101100100110000001111001011100100111011101100000110101010010010000001100000011101100000110101010010010001011110000100000010000100010000000
0000000001000011000000000000010111110110110111100100010000011001100100001011000010111100100010000011000111100001111110001101000010101101110001001110111011011111101110001000101111011101010000000111101100000111101101010111101011000110000001110110100011110101100010011010111001000110111100000001100100100010100000101000010111100000001100100100010100010111101100100110011010001110000001110011111001111100100110101011010001101110110101011011101001111000000010001001110110101011011101001110101110010011101110110010011100001010101000000010000001110110010011100001010100100010011001101110110000011001101000101000000010000011110110000011001101000100
000000000100001100000000000001011111011011011110010011000001100101110000101100001011110010011000001100101110000111111000111100001010111011000100111011110001111110111000100010111101110101000000011111010000011110110100011110001100001000000111011001101110100101011001101011100100011011110000010110001010000110000010100001011110000010110001010000110001011110110001010111100111101000000111010110101011100011101010111001001110111011010101110110101111100000011000000111011010101110110101111100000111101100000110110010010101010110100011011101101000101111001111010000000100010011101101000101111001111001000100110011011101011010101111001110010000000100000111101011010101111001110000
00000000010000110000000000000101111101101101111001010100001010011011000010110000101111001010100001010011011000011111100011110000101010011100010011101111000111111011101110001011110111001100000001110101000001111011010001110110101011100000011101100110111000010011101000101110010001101110111110010111000111101000001010000101110111110010111000111101000101111011000101011110011111100000011101011010101110001110001010110100011011101101110110101010010110000000100010011101101110110101010010101011100100111011101100110111001010110010000001100000011101100110111001010110010000011110101110011010101001010100100111011101110101111011000000111011000000010000011110101111011000000111010100010011001101110101011010111100111011000000010000011110101011010111100111010000
